 1.937582691758263
 1.421537687513887
 0.01888758346971287
 -1.599535859403258
 1.907210748545619
 -1.564953219044081
 -1.766371852747291
 -0.1801817608047109
 2.324245022220923
 1.873688006139675
 1.718387728512754
 2.633062781414074
 -1.730424718490237
 0.6630556759629949
 2.541862043878744
 2.041695930540952
 -1.124015119290825
 2.952031231099763
 1.109810654880086
 -1.789819516298274
 -0.5202755837292523
 1.430765161167708
 2.232292692643332
 -1.944846369774453
 -1.876065696590785
 -1.981088303798928
 -0.1388480986846465
 0.3325175617520504
 -0.6809338757790844
 -0.4149563662486448
 -0.1355420879735911
 1.792492606872792
 -1.69100343722221
 1.048364195143718
 0.6506189938822864
 2.707546827114482
 2.708929638629805
 2.438972647494904
 -1.271450547585636
 -0.5332859225531097
 2.937070854175186
 1.449948083739811
 -1.635105409683122
 -1.278102987889449
 1.970307945876667
 -0.1563321675957559
 1.001948046119521
 -1.390271635765447
 1.931064813657458
 -0.5662085064334015
 -0.4514087389111507
 2.740703850005691
